0	0	0	0	0
1	1	1	1	1
2	2	2	2	2
3	3	3	3	3
22		31	4	2 2
5	4	4	5	5
23		41	6	2 3
7	5	5	7	7
222		51	8	2 2 2
33		52	9	3 3
25		53	10	2 5
11	6	6	11	11
223		61	12	2 2 3
13	7	7	13	13
27		71	14	2 7
35		72	15	3 5
2222		73	16	2 2 2 2
17	8	8	17	17
233		81	18	2 3 3
19	9	9	19	19
225		92	20	2 2 5
37		93	21	3 7
211		94	22	2 11
23	10	10	23	23
2223		101	24	2 2 2 3
55		102	25	5 5
213		103	26	2 13
333		104	27	3 3 3
227		105	28	2 2 7
29	11	11	29	29
235		111	30	2 3 5
31	12	12	31	31
22222		121	32	2 2 2 2 2
311		122	33	3 11
217		123	34	2 17
57		124	35	5 7
2233		125	36	2 2 3 3
37	13	13	37	37
219		131	38	2 19
313		132	39	3 13
2225		133	40	2 2 2 5
41	14	14	41	41
237		141	42	2 3 7
43	15	15	43	43
2211		151	44	2 2 11
335		152	45	3 3 5
223		153	46	2 23
47	16	16	47	47
22223		161	48	2 2 2 2 3
77		162	49	7 7
255		163	50	2 5 5
317		164	51	3 17
2213		165	52	2 2 13
53	17	17	53	53
2333		171	54	2 3 3 3
511		172	55	5 11
2227		173	56	2 2 2 7
319		174	57	3 19
229		175	58	2 29
59	18	18	59	59
2235		181	60	2 2 3 5
61	19	19	61	61
231		191	62	2 31
337		192	63	3 3 7
222222		193	64	2 2 2 2 2 2
513		194	65	5 13
2311		195	66	2 3 11
67	20	20	67	67
2217		201	68	2 2 17
323		202	69	3 23
257		203	70	2 5 7
71	21	21	71	71
22233		211	72	2 2 2 3 3
73	22	22	73	73
237		221	74	2 37
355		222	75	3 5 5
2219		223	76	2 2 19
711		224	77	7 11
2313		225	78	2 3 13
79	23	23	79	79
22225		231	80	2 2 2 2 5
3333		232	81	3 3 3 3
241		233	82	2 41
83	24	24	83	83
2237		241	84	2 2 3 7
517		242	85	5 17
243		243	86	2 43
329		244	87	3 29
22211		245	88	2 2 2 11
89	25	25	89	89
2335		251	90	2 3 3 5
713		252	91	7 13
2223		253	92	2 2 23
331		254	93	3 31
247		255	94	2 47
519		256	95	5 19
222223		257	96	2 2 2 2 2 3
97	26	26	97	97
277		261	98	2 7 7
3311		262	99	3 3 11
2255		263	100	2 2 5 5
101	27	27	101	101
2317		271	102	2 3 17
103	28	28	103	103
22213		281	104	2 2 2 13
357		282	105	3 5 7
253		283	106	2 53
107	29	29	107	107
22333		291	108	2 2 3 3 3
109	30	30	109	109
2511		301	110	2 5 11
337		302	111	3 37
22227		303	112	2 2 2 2 7
113	31	31	113	113
2319		311	114	2 3 19
523		312	115	5 23
2229		313	116	2 2 29
3313		314	117	3 3 13
259		315	118	2 59
717		316	119	7 17
22235		317	120	2 2 2 3 5
1111		318	121	11 11
261		319	122	2 61
341		3110	123	3 41
2231		3111	124	2 2 31
555		3112	125	5 5 5
2337		3113	126	2 3 3 7
127	32	32	127	127
2222222		321	128	2 2 2 2 2 2 2
343		322	129	3 43
2513		323	130	2 5 13
131	33	33	131	131
22311		331	132	2 2 3 11
719		332	133	7 19
267		333	134	2 67
3335		334	135	3 3 3 5
22217		335	136	2 2 2 17
137	34	34	137	137
2323		341	138	2 3 23
139	35	35	139	139
2257		351	140	2 2 5 7
347		352	141	3 47
271		353	142	2 71
1113		354	143	11 13
222233		355	144	2 2 2 2 3 3
529		356	145	5 29
273		357	146	2 73
377		358	147	3 7 7
2237		359	148	2 2 37
149	36	36	149	149
2355		361	150	2 3 5 5
151	37	37	151	151
22219		371	152	2 2 2 19
3317		372	153	3 3 17
2711		373	154	2 7 11
531		374	155	5 31
22313		375	156	2 2 3 13
157	38	38	157	157
279		381	158	2 79
353		382	159	3 53
222225		383	160	2 2 2 2 2 5
723		384	161	7 23
23333		385	162	2 3 3 3 3
163	39	39	163	163
2241		391	164	2 2 41
3511		392	165	3 5 11
283		393	166	2 83
167	40	40	167	167
22237		401	168	2 2 2 3 7
1313		402	169	13 13
2517		403	170	2 5 17
3319		404	171	3 3 19
2243		405	172	2 2 43
173	41	41	173	173
2329		411	174	2 3 29
557		412	175	5 5 7
222211		413	176	2 2 2 2 11
359		414	177	3 59
289		415	178	2 89
179	42	42	179	179
22335		421	180	2 2 3 3 5
181	43	43	181	181
2713		431	182	2 7 13
361		432	183	3 61
22223		433	184	2 2 2 23
537		434	185	5 37
2331		435	186	2 3 31
1117		436	187	11 17
2247		437	188	2 2 47
3337		438	189	3 3 3 7
2519		439	190	2 5 19
191	44	44	191	191
2222223		441	192	2 2 2 2 2 2 3
193	45	45	193	193
297		451	194	2 97
3513		452	195	3 5 13
2277		453	196	2 2 7 7
197	46	46	197	197
23311		461	198	2 3 3 11
199	47	47	199	199
22255		471	200	2 2 2 5 5
367		472	201	3 67
2101		473	202	2 101
729		474	203	7 29
22317		475	204	2 2 3 17
541		476	205	5 41
2103		477	206	2 103
3323		478	207	3 3 23
222213		479	208	2 2 2 2 13
1119		4710	209	11 19
2357		4711	210	2 3 5 7
211	48	48	211	211
2253		481	212	2 2 53
371		482	213	3 71
2107		483	214	2 107
543		484	215	5 43
222333		485	216	2 2 2 3 3 3
731		486	217	7 31
2109		487	218	2 109
373		488	219	3 73
22511		489	220	2 2 5 11
1317		4810	221	13 17
2337		4811	222	2 3 37
223	49	49	223	223
222227		491	224	2 2 2 2 2 7
3355		492	225	3 3 5 5
2113		493	226	2 113
227	50	50	227	227
22319		501	228	2 2 3 19
229	51	51	229	229
2523		511	230	2 5 23
3711		512	231	3 7 11
22229		513	232	2 2 2 29
233	52	52	233	233
23313		521	234	2 3 3 13
547		522	235	5 47
2259		523	236	2 2 59
379		524	237	3 79
2717		525	238	2 7 17
239	53	53	239	239
222235		531	240	2 2 2 2 3 5
241	54	54	241	241
21111		541	242	2 11 11
33333		542	243	3 3 3 3 3
2261		543	244	2 2 61
577		544	245	5 7 7
2341		545	246	2 3 41
1319		546	247	13 18
22231		547	248	2 2 2 31
383		548	249	3 83
2555		549	250	2 5 5 5
251	55	55	251	251
22337		551	252	2 2 3 3 7
1123		552	253	11 23
2127		553	254	2 127
3517		554	255	3 5 17
22222222	555	256	2 2 2 2 2 2 2 2
257	56	56	257	257
2343		561	258	2 3 43
737		562	259	7 37
2513		563	260	2 2 5 13
3329		564	261	3 3 29
2131		565	262	2 131
263	57	57	263	263
222311		571	264	2 2 2 3 11
553		572	265	5 53
2719		573	266	2 7 19
389		574	267	3 89
2267		575	268	2 2 67
269	58	58	269	269
23335		581	270	2 3 3 3 5
271	59	59	271	271
222217		591	272	2 2 2 2 17
3713		592	273	3 7 13
2137		593	274	2 137
5511		594	275	5 5 11
22323		595	276	2 2 3 23
277	60	60	277	277
2139		601	278	2 139
3331		602	279	3 3 31
22257		603	280	2 2 2 57
281	61	61	281	281
2347		611	282	2 3 47
283	62	62	283	283
2271		621	284	2 2 71
3519		622	285	3 5 19
21113		623	286	2 11 13
741		624	287	7 41
2222233		625	288	2 2 2 2 2 3 3
1717		626	289	17 17
2529		627	290	2 5 29
397		628	291	3 97
2273		629	292	2 2 73
293	63	63	293	293
2377		631	294	2 3 7 7
559		632	295	5 59
22237		633	296	2 2 2 37
33311		634	297	3 3 3 11
2149		635	298	2 149
1323		636	299	13 23
22355		637	300	2 2 3 5 5
743		638	301	7 43